t=[13.37379982920000003332;10.05672936180000007766;9.12062992399999963311;8.63223513339999968252;8.34120233739999967781;8.02920507159999967683;7.98865045760000000996;7.88600054960000012016;7.79939900399999999081;7.72979154800000003433;7.67974923960000008804;7.63545066820000002394;7.58802426360000001892;7.48047527539999990153;7.52752286080000008183;7.50014671700000015164;7.47801029420000009651;7.45024865619999978605;7.43491206059999996114;10.07582300540000019850;7.34163161279999982866;6.02809475800000011958;5.47548880320000002086;5.13291998480000017934;4.89354579060000016710;4.73309053859999995239;4.60739839599999996267;4.50343797539999997070;4.42310412379999995380;4.35977070580000010125;4.30091625680000007037;4.25799129799999995782;4.21645974939999987896;4.12638263040000001780;4.15188584219999992086;4.12597009559999996497;4.10049401979999998957;4.07893799999999995264;9.11162494000000009464;6.03634251400000003684;5.10842441259999979763;4.30089135080000009026;3.87440334999999995702;3.59777835900000004798;3.31505328199999986793;3.32488388499999993896;3.22013918859999996868;3.17215069400000002630;3.10107154619999993983;3.04178628439999991783;2.99228490960000002019;2.95111408339999998773;2.90906563199999999014;2.87584843799999996250;2.84765568380000004822;2.82088141879999998451;2.79385183320000001216;8.62488205079999978863;5.47506102900000009015;4.30317971740000011493;3.84340546239999998334;3.27153679160000008252;3.00826799980000005874;2.85094123379999997425;2.70911418639999990176;2.59145187120000004554;2.49965212099999991579;2.43296338639999998321;2.36524199280000004819;2.31310012959999999893;2.26291110960000008134;2.22622379379999992821;2.19110219500000003023;2.15641539379999995773;2.13366743479999998456;2.10215551380000000847;8.33805725679999980570;5.12962152460000009313;3.93306245140000001470;3.30586395319999990505;3.03502976040000005397;2.56316711419999991861;2.43964013959999999059;2.29252591879999991775;2.17329185040000005813;2.07742415420000003933;1.99742501639999994189;1.93681682580000003035;1.87624887420000003857;1.83330717860000000918;1.78593331140000000090;1.75087050279999996149;1.71606071099999999418;1.68938546699999996292;1.65902458539999999587;8.13941227719999993439;4.89909106699999998824;3.68363777219999999346;3.04492253540000001876;2.63806295740000003036;2.46345902839999997269;2.16329659780000005398;2.00558003779999998172;1.84489056660000003695;1.84850161460000004254;1.70637985139999996953;1.63954965880000003153;1.58069609779999993293;1.53127688159999997275;1.48318779700000002996;1.44592118140000001069;1.41592039440000001526;1.38100839180000001249;1.35487183419999994704;7.98691927100000000905;4.73293793479999997941;3.50442902740000015171;2.85245221299999993647;2.44462224300000006138;2.16019128440000001134;2.03813308500000003320;1.79944645520000001681;1.67649596019999997942;1.57152857719999996533;1.49331183919999999077;1.41989744659999996834;1.36412449759999998555;1.30891664480000002868;1.26136983520000001135;1.22480988520000000363;1.19203377459999999566;1.14060830959999996991;1.08856681800000005822;7.88250725640000009519;4.60637603420000019127;3.36559177720000004541;2.70951522760000003131;2.29046822260000002558;2.00801156979999992913;1.79542011479999996659;1.70673820799999997888;1.51021678279999997940;1.40821608259999995205;1.32826377199999998701;1.25771538699999996247;1.19128797640000003710;1.14175267839999996510;1.09584282579999996442;1.05332786760000001180;1.01781226120000001245;.98399386739999998852;.95253142539999999805;7.79853641019999983541;4.50462184340000035831;3.26349856819999999402;2.52471594440000002279;2.17506882939999997006;1.88681866500000001707;1.67516001299999994778;1.51316451239999998357;1.44280359159999997942;1.27651698740000001386;1.19499839560000000737;1.12015413899999995983;1.05379742280000003873;1.00282756840000000231;.95815686599999998485;.91568124619999999858;.88067078879999998175;.84587539160000000393;.81584691080000000251;7.72886637959999998060;4.42557487339999990894;3.16897772720000006074;2.50538859300000007479;2.07513806160000005007;1.78484730599999998901;1.57064534499999997052;1.40824355180000000409;1.27881999639999999196;1.21475806160000003863;1.08854762299999996422;1.01338707759999997470;.94950187159999999142;.89197978920000000613;.85309839879999997958;.80168386619999998377;.76378442920000000348;.72627418980000002513;.69974616479999998120;7.60518249940000004016;4.35941112680000006918;3.10687155820000011630;2.43465891640000000606;1.99880613960000004247;1.70658957660000001333;1.49382904280000001762;1.32396677080000002568;1.19549335800000000595;1.08845187420000000244;1.03628781459999999015;.92365632339999999001;.85813884060000003018;.80479289780000000664;.79099176020000001585;.73829391039999998636;.70176833999999999047;.64989748419999999740;.63374948559999999542;7.62707649519999986154;4.30369522839999998353;3.04361627239999990024;2.36562688439999995182;1.93754245039999997146;1.63963253659999996791;1.41883340480000001981;1.25722031360000006117;1.12001803980000000926;.98035597240000003083;.88966906160000001069;.88263198420000001931;.78444592760000000364;.72469637800000001881;.71289161580000000029;.65415429660000001810;.61809184579999998376;.58590973760000000236;.54500745920000002175;7.58722520179999992962;4.25963772099999999909;2.99224111079999985918;2.30932837759999998184;1.87913207739999998935;1.57750492479999997463;1.36313134300000000642;1.19235843319999998968;1.05183879760000005276;.94941568839999999074;.85836342859999998911;.78470825920000000230;.74310263860000000946;.65203542139999999261;.64134626640000000908;.57825374520000001332;.53761613180000000777;.48940970679999998838;.47556937080000000195;7.55175382699999993008;4.21592788879999993412;2.94566604239999998427;2.26280698519999994289;1.82066188119999998740;1.46489393399999996425;1.31043300860000000440;1.14188690040000002668;.99936474460000002118;.89195094500000000614;.80476581400000000154;.72775680099999999761;.65561276579999998581;.62391035860000001456;.58032858739999999553;.50687339719999999765;.47042025179999999995;.44787285460000000325;.39719906059999999792;7.52454175980000012913;4.18401888060000022306;2.91043745499999992887;2.22819943279999987950;1.78436115260000001114;1.48844398959999995035;1.26322350440000001903;1.09544143140000000969;.95820099500000002201;.85272092480000001302;.78940257540000002833;.71175362700000002203;.63855716879999999679;.58154637340000001621;.54651330019999999621;.47685125820000001661;.43314696739999999364;.39785226160000000117;.36486594339999999237;7.50255139680000002755;4.15162181159999992274;2.87799592620000002085;2.15318562000000008893;1.72393556340000002613;1.44179022340000000390;1.22457197819999996646;1.05300099960000004273;.91169364299999999801;.80248558779999998869;.73765796699999999219;.62783424459999999100;.58055966119999999896;.52469939359999999695;.45354294840000000110;.44211307259999998997;.38125136699999998546;.34123979019999999274;.30179012680000000257;7.47688121100000007146;4.12739002280000004674;2.84472983939999997105;2.16071655859999998128;1.72092878179999995147;1.41666540340000000064;1.19197221520000002925;1.01837451399999996404;.87599254479999999478;.76438136639999998411;.70049203300000000283;.62112285779999998336;.54902052339999998231;.46772487480000000115;.43371965199999998885;.38111586980000000668;.35475203299999999995;.30399934799999999146;.26945353260000000084;7.45150435499999996835;4.10235881580000008028;2.81757087980000004989;2.11451431860000003126;1.64535669660000007930;1.38599311340000004300;1.15973057179999998744;.98439600599999999008;.84252326919999998011;.73086148220000000108;.64861352919999999411;.58248490240000001527;.48943106519999999282;.42916988999999999832;.39681150600000000272;.34419437499999999685;.30356188320000000446;.27105078799999998695;.22742138080000000033;7.44282679720000004408;4.08055618700000000132;2.79851882999999999057;2.10240185340000005354;1.66357156599999993496;1.35226501639999998616;1.13100467119999996690;.95734099239999999042;.81582713619999998044;