t=[;.01689469060000000008;.01333766659999999978;.01233236040000000033;.01127816939999999982;.01094967999999999983;.01063443919999999993;.01048391399999999973;.01031822620000000002;.01015675439999999992;.01014373400000000008;.00999105519999999996;.00999218439999999992;.00984085759999999976;.00982996159999999993;.00982915260000000040;.00983382460000000007;.00967968599999999984;.00968230799999999988;.00967653600000000016;.01333899000000000022;.00897968199999999994;.00775743300000000003;.00696144739999999990;.00649089079999999995;.00633515720000000018;.00601874779999999991;.00586249839999999997;.00570394600000000019;.00570082180000000011;.00556309580000000012;.00554786259999999996;.00540226080000000014;.00540284400000000022;.00540406619999999997;.00524058059999999992;.00523909219999999977;.00525273320000000012;.00525241279999999997;.01207209939999999981;.00777616319999999989;.00603115540000000016;.00554833339999999987;.00507649419999999986;.00476401840000000003;.00444036420000000001;.00428497759999999991;.00412545160000000014;.00397306319999999983;.00399001300000000024;.00383409260000000008;.00382449940000000000;.00383229920000000010;.00367510700000000011;.00375455520000000011;.00366692439999999992;.00366529320000000000;.00352216260000000006;.01127606419999999977;.00698147039999999982;.00554773820000000004;.00464510200000000008;.00412876059999999992;.00382019159999999989;.00366566640000000011;.00351430819999999990;.00335598220000000004;.00320518340000000004;.00322548320000000006;.00306188120000000004;.00305840480000000008;.00289561859999999992;.00290716940000000003;.00289108439999999998;.00273632099999999997;.00273843860000000001;.00272944439999999993;.01095631519999999970;.00650550879999999987;.00516825900000000004;.00412780619999999990;.00357045879999999989;.00335390559999999994;.00319189540000000002;.00288013539999999994;.00288416660000000001;.00272326360000000001;.00257527499999999996;.00257717780000000003;.00241842680000000000;.00242058859999999993;.00241719920000000006;.00224837820000000007;.00225116679999999994;.00225673959999999991;.00225828499999999989;.01065798840000000032;.00634583880000000009;.00475735080000000004;.00381535160000000001;.00333872700000000001;.00296427479999999991;.00273135200000000008;.00257229059999999993;.00241326999999999991;.00225028020000000005;.00226342799999999996;.00210498920000000006;.00210286900000000009;.00210886540000000000;.00195936419999999996;.00196425740000000003;.00195773359999999998;.00180617040000000000;.00180578960000000003;.01050664999999999967;.00603880000000000007;.00445327400000000012;.00366938660000000011;.00345440760000000008;.00273255880000000004;.00251611740000000005;.00242494859999999997;.00226608360000000010;.00210492019999999986;.00197020799999999994;.00197116299999999999;.00181743000000000000;.00181779059999999997;.00166941400000000001;.00165958999999999998;.00166382840000000001;.00166090740000000001;.00150190300000000000;.01033885700000000025;.00587479680000000011;.00429200140000000011;.00351131660000000003;.00288614660000000005;.00256617100000000008;.00242629600000000001;.00206016659999999993;.00194289639999999999;.00194630079999999995;.00181645300000000003;.00165625900000000003;.00166844879999999999;.00150842860000000001;.00150609260000000000;.00150108979999999999;.00151074780000000001;.00134799220000000001;.00135094659999999999;.01019033939999999978;.00573084839999999981;.00413213620000000003;.00335300480000000006;.00297930040000000005;.00241090239999999997;.00226395240000000002;.00194867099999999999;.00174964679999999998;.00178808560000000001;.00166044180000000001;.00150392680000000001;.00151333419999999997;.00135813219999999998;.00136631759999999999;.00134956659999999999;.00119012639999999999;.00119474159999999997;.00120447639999999999;.01017465860000000034;.00571465619999999979;.00397596040000000004;.00318993619999999996;.00271263580000000005;.00225147339999999998;.00210228400000000001;.00194696640000000006;.00179982699999999998;.00159942279999999996;.00149564859999999997;.00134829799999999998;.00136274339999999999;.00136333760000000000;.00119549020000000003;.00119694380000000002;.00119772259999999996;.00105617319999999999;.00105709300000000000;.01003568480000000019;.00556771780000000007;.00400164439999999999;.00322092840000000012;.00257608820000000005;.00226585880000000003;.00197188199999999997;.00181941100000000003;.00166743000000000004;.00150577060000000001;.00135720299999999996;.00137657220000000002;.00123252000000000005;.00123079420000000001;.00109730959999999999;.00109101879999999994;.00109080319999999998;.00109322780000000001;.00093235600000000002;.01003552220000000008;.00557562799999999983;.00383405700000000000;.00306327420000000010;.00258178380000000000;.00211906020000000002;.00197035719999999990;.00166570200000000002;.00151368920000000003;.00135044459999999998;.00137700920000000002;.00119530219999999997;.00124491259999999996;.00108189039999999998;.00110104020000000002;.00109243199999999995;.00093447980000000000;.00093430519999999999;.00093398380000000000;.00987253639999999994;.00541186700000000006;.00384761820000000002;.00306008700000000004;.00240962260000000009;.00211831020000000005;.00181831460000000003;.00167072060000000000;.00150796899999999997;.00134296259999999996;.00122363640000000004;.00123770280000000000;.00106991419999999996;.00109349380000000003;.00094354660000000002;.00094031419999999999;.00093809299999999997;.00078352980000000001;.00079099899999999999;.00987899740000000026;.00540042660000000004;.00384613239999999998;.00290290460000000002;.00242743400000000001;.00211987899999999994;.00182086639999999998;.00151122499999999998;.00135566400000000000;.00136081299999999999;.00123309499999999998;.00108465439999999996;.00108753140000000000;.00091607999999999997;.00094311220000000001;.00093125019999999998;.00078049420000000002;.00079433120000000001;.00079742579999999999;.00987696160000000010;.00541367020000000000;.00368469460000000002;.00290322500000000007;.00243239499999999995;.00196529900000000004;.00391970319999999997;.00151083759999999997;.00136361279999999999;.00124001759999999997;.00108713759999999998;.00108776739999999999;.00093985040000000002;.00094045620000000001;.00078832940000000001;.00079492079999999999;.00079949199999999999;.00063523180000000000;.00065261239999999999;.00987700600000000032;.00525764920000000007;.00368876980000000009;.00289911679999999985;.00226917080000000005;.00196084040000000003;.00165949960000000003;.00151338500000000003;.00136801399999999999;.00121068479999999999;.00106920260000000002;.00108217499999999997;.00092464439999999999;.00095128980000000001;.00079247400000000002;.00078108559999999999;.00064646359999999999;.00064932699999999997;.00065505900000000002;.00971254559999999989;.00525607380000000009;.00369304640000000005;.00274086259999999984;.00226866260000000014;.00196677739999999998;.00167470219999999998;.00151863079999999999;.00121757779999999999;.00121510760000000002;.00108203599999999998;.00091814360000000000;.00095868299999999999;.00079660460000000000;.00080220440000000000;.00064652380000000000;.00064252739999999997;.00049847500000000000;.00065946139999999999;.00971458980000000013;.00525570900000000007;.00369930980000000002;.00274760740000000005;.00227097259999999995;.00181482279999999997;.00166653899999999995;.00135773940000000000;.00122223559999999997;.00106717439999999999;.00108086479999999997;.00094885880000000000;.00079220659999999997;.00079309280000000000;.00064954419999999999;.00064697539999999998;.00049397240000000001;.00066262260000000000;.00067039700000000000;.00969927400000000008;.00526203000000000000;.00352267620000000000;.00273991340000000003;.00227570640000000004;.00180420419999999994;.00151357059999999996;.00136157120000000003;.00121804679999999998;.00106142760000000001;.00091881179999999998;.00095112999999999998;.00079419099999999999;.00079287540000000001;.00066670300000000000;.00065653960000000000;.00066859459999999999;.00066869920000000003;.00082038860000000000];
