procs=[2 4 6 8 10 12 14 16];
kappas=[4
16
32
64
];

%I
t1=[[.00009357929229736328 .00027798414230346679 .00047981739044189453 .00163435935974121093 .00319778919219970703 .00677464008331298828 .00949466228485107421 .01340285539627075195 ]
[.00050028562545776367 .00260335206985473632 .00613667964935302734 .02508566379547119140 .05277960300445556640 .09677844047546386718 .12801572084426879882 .19668681621551513671 ]
[.00221936702728271484 .01242980957031249999 .02915213108062744140 .12420917749404907226 .22621127367019653320 .35205402374267578125 .57789280414581298828 .82906409502029418945 ]
[.01273690462112426757 .07100679874420166015 .16098453998565673828 .65931596755981445312 1.05428287982940673828 1.65515787601470947265 3.27704528570175170898 5.40318530797958374023 ]
];

%II
t2=[[.00010697841644287109 .00036727190017700195 .00060781240463256835 .00205560922622680664 .00432571172714233398 .00870144367218017578 .01286419630050659179 .02102414369583129882 ]
[.00055360794067382812 .00317585468292236328 .00729459524154663085 .02495547533035278320 .07411091327667236328 .09901061058044433593 .15286777019500732421 .22752876281738281250 ]
[.00231789350509643554 .01354719400405883789 .03124924898147583007 .10983146429061889648 .22625073194503784179 .40315774679183959960 .63009923696517944335 .94511926174163818359 ]
[.01197555065155029296 .06904587745666503906 .15767488479614257812 .57975089550018310547 1.05211185216903686523 1.80135731697082519531 3.59714169502258300781 5.44399393796920776367 ]
];

%I Single proc
ts=[[.00000119209289550781 ]
[.00001838207244873047 ]
[.00012593269348144531 ]
[.00096460580825805664 ]
];

%Extra I
te1=[[.00001240968704223632 .00019874572753906249 .00042229890823364257 .00168479681015014648 .00381460189819335937 .00646709203720092773 .01292904615402221679 .02053983211517333984 ]
[.00071340799331665039 .00386317968368530273 .00943191051483154296 .03766040802001953124 .07166055440902709960 .12944384813308715820 .20349417924880981445 .29026832580566406250 ]
[.00530933141708374023 .02481404542922973632 .05919866561889648437 .23602654933929443359 .41283483505249023437 .65629295110702514648 1.11722139120101928710 1.68542826175689697265 ]
[.04329109191894531249 .17922160625457763672 .40224891901016235351 1.74458926916122436523 3.37218049764633178710 5.57709364891052246093 9.93508019447326660156 15.00291224718093872070 ]
];

%Extra II
te2=[[.00001502037048339843 .00019744634628295898 .00041466951370239257 .00168750286102294921 .00342327356338500976 .00633937120437622070 .01043367385864257812 .01362177133560180664 ]
[.00072565078735351562 .00385376214981079101 .00941013097763061523 .03573940992355346679 .08278489112854003906 .12558329105377197265 .19972534179687500000 .28433626890182495117 ]
[.00519554615020751953 .02450150251388549804 .05845334529876708984 .23534562587738037109 .42166649103164672851 .66287503242492675781 1.11042886972427368164 1.71873865127563476562 ]
[.04457086324691772461 .18079816102981567382 .39528902769088745117 1.70845119953155517578 3.55460665225982666015 5.68930991888046264648 9.96365259885787963867 15.08240607976913452148 ]
];

%Extra I Single proc
tes=[[.00000207424163818359 ]
[.00006111860275268554 ]
[.00048354864120483398 ]
[.00437290668487548828 ]
];

%BTest I
bt1=[[.00013517141342163085 .00034369230270385742 .00082103013992309570 .00249519348144531249 .00476137399673461914 .00684196949005126953 .01061105728149414062 .01520942449569702148 ]
[.00054163932800292968 .00341267585754394531 .01002091169357299804 .02876856327056884765 .06073189973831176757 .13205801248550415039 .17424049377441406250 .25478247404098510742 ]
[.00235266685485839843 .01524727344512939453 .04403920173645019531 .14127708673477172851 .28046079874038696289 .48049329519271850585 .77648761272430419921 1.12624328136444091796 ]
[.01311802864074707031 .08374071121215820312 .21735856533050537109 .75117241144180297851 1.33782122135162353515 2.27031594514846801757 4.34710338115692138671 6.62336239814758300781 ]
];

%BTest II
bt2=[[.00008261203765869140 .00044511556625366210 .00090970993041992187 .00196599960327148437 .00428835153579711914 .00775933265686035156 .01127698421478271484 .01533124446868896484 ]
[.00062212944030761718 .00360162258148193359 .01037038564682006836 .02618731260299682617 .04962211847305297851 .10176885128021240234 .15028325319290161132 .23807290792465209960 ]
[.00244718790054321289 .01530114412307739257 .04314376115798950195 .11137267351150512695 .21441906690597534179 .38448997735977172851 .68017975091934204101 1.00417737960815429687 ]
[.01241457462310791015 .07581913471221923828 .20024458169937133789 .58538465499877929687 1.10986448526382446289 1.76920136213302612304 3.85890635251998901367 6.00466221570968627929 ]
];

%BTest I Single proc
bts=[[.00000119209289550781 ]
[.00001857280731201171 ]
[.00012617111206054687 ]
[.00095379352569580078 ]
];

%BTest Extra I
bte1=[[.00003025531768798828 .00022376775741577148 .00067309141159057617 .00190213918685913085 .00374046564102172851 .00772440433502197265 .01195524930953979492 .01795454025268554687 ]
[.00073901414871215820 .00459322929382324218 .01234306097030639648 .03779419660568237304 .08129825592041015625 .13292933702468872070 .23122234344482421875 .33097478151321411132 ]
[.00514323711395263671 .02756545543670654296 .06743091344833374023 .23749152421951293945 .44028525352478027343 .71411814689636230468 1.30124570131301879882 1.80117503404617309570 ]
[.04519078731536865234 .19848344326019287109 .44426126480102539062 1.67901206016540527343 3.44229749441146850586 5.35091708898544311523 10.04039442539215087890 14.72734262943267822265 ]
];

%BTest Extra II
bte2=[[.00003565549850463867 .00022399425506591796 .00083498954772949218 .00218278169631958007 .00368728637695312500 .00808011293411254882 .01164222955703735351 .01541345119476318359 ]
[.00073896646499633789 .00455129146575927734 .01215406656265258789 .03754090070724487304 .07994931936264038085 .13619258403778076171 .22736647129058837890 .32933970689773559570 ]
[.00519392490386962890 .02722597122192382812 .06815935373306274413 .24702824354171752929 .43681769371032714843 .70548402070999145507 1.21557483673095703124 1.94990116357803344726 ]
[.04470421075820922851 .19745589494705200195 .44513121843338012695 1.71107352972030639648 3.44233673810958862304 5.25359228849411010742 10.22289670705795288086 14.69779289960861206054 ]
];

%BTest Extra I Single proc
btes=[[.00000193119049072265 ]
[.00006185770034790039 ]
[.00049129724502563476 ]
[.00462448596954345703 ]
];

%AsBTest I
abt1=[[.00017762184143066406 .00058734416961669921 .00176898241043090820 .01433771848678588867 .03409888744354248046 .05924842357635498046 .08926825523376464843 .12771190404891967773 ]
[.00182528495788574218 .00775098800659179687 .02727851867675781250 .23616862297058105468 .43792122602462768554 .72930523157119750976 1.29160503149032592773 1.74258500337600708007 ]
[.00738571882247924804 .03196142911911010742 .11349793672561645507 .97002660036087036132 1.65326111316680908203 2.64916726350784301757 4.78224068880081176757 7.02002524137496948242 ]
[.03349230289459228515 .14792922735214233398 .48553843498229980468 3.29203022718429565429 7.22698829174041748046 11.14939615726470947265 19.61756496429443359374 28.49261686801910400390 ]
];

%AsBTest II
abt2=[[.00015573501586914062 .00064897537231445312 .00186183452606201171 .01570025682449340820 .02987178564071655273 .05672273635864257812 .09587148427963256835 .12672840356826782226 ]
[.00165491104125976562 .00795770883560180664 .02762190103530883789 .24402222633361816406 .43142386674880981445 .72939559221267700195 1.38600374460220336914 1.90498745441436767578 ]
[.00677251815795898437 .03246363401412963867 .12021900415420532226 1.05740944147109985351 1.73706437349319458007 2.55603857040405273437 5.47291278839111328125 7.76972260475158691406 ]
[.03210048675537109375 .14096716642379760742 .48714783191680908203 4.46243612766265869140 8.21216357946395874023 11.80952612161636352539 22.97949315309524536132 32.05974090099334716796 ]
