procs=[2 3 4 5 6 7];
kappas=[100
200
400
800
];

%I
t1=[[.02707382440567016601 .07163012027740478515 .15646940469741821289 .23104724884033203124 .35808482170104980468 .92123103141784667968 ]
[.17815197706222534179 .41153101921081542968 .96121150255203247070 1.45244935750961303711 2.84234378337860107421 6.34383943080902099609 ]
[1.52922177314758300781 3.28849546909332275390 11.55311123132705688476 21.29340382814407348632 37.93639656305313110351 61.68712717294692993164 ]
[22.84349071979522705078 55.64230227470397949218 