procs=[2 4 6 8 10 12 14 16];
kappas=[4
16
32
64
];

%I
t1=[[.00009123086929321288 .00025862455368041992 .00049209594726562500 .00146782398223876953 .00369043350219726562 .00569936037063598632 .00924887657165527343 .01385694742202758789 ]
[.00043830871582031249 .00244855880737304687 .00576896667480468750 .03172169923782348632 .04807531833648681640 .07728831768035888671 .13340691328048706054 .21066716909408569335 ]
[.00177727937698364257 .01120346784591674804 .02531119585037231445 .10304391384124755859 .19213638305664062499 .32208567857742309570 .52782888412475585937 .74755947589874267578 ]
[.00961155891418457031 .05575331449508666992 .13165243864059448242 .51159677505493164062 .88263438940048217773 1.44120540618896484375 2.51817948818206787109 4.20015960931777954101 ]
];

%II
