procs=[2 3 4 5 6 7];
kappas=[50
100
150
200
];

%I
t1=[[.00515064001083374023 .01405189037322998046 .02911752462387084960 .04462932348251342773 .06607974767684936523 .18599425554275512695 ]
[.02695120573043823242 .07129664421081542968 .15655361413955688476 .23229905366897583007 .35076407194137573242 .89148170948028564453 ]
[.08121435642242431640 .19553598165512084960 .44046964645385742187 .69505349397659301757 1.01253625154495239257 2.91628773212432861328 ]
[.19536672830581665039 .41000680923461914062 .95696043968200683593 1.54551361799240112304 2.86214746236801147460 6.46714776754379272460 ]
];

%II
t2=[[.00680094957351684570 .01713455915451049804 .03021866083145141601 .04794532060623168945 .06775966882705688476 .15931617021560668945 ]
[.02690559625625610351 .06982847452163696289 .14676662683486938476 .22178714275360107421 .32042641639709472656 .74721025228500366210 ]
[.07964489459991455078 .19230086803436279296 .39130175113677978515 .62416963577270507812 .90094308853149414062 2.73182396888732910156 ]
[.19727761745452880859 .40668022632598876953 .83147886991500854492 1.35635002851486206054 2.34900718927383422851 5.82267106771469116210 ]
];

%I Single proc
ts=[[.00009996891021728515 ]
[.00117838382720947265 ]
[.00406422615051269531 ]
[.01138569116592407226 ]
];

%Extra I
te1=[[.01102591753005981445 .02432909011840820312 .05403714179992675781 .08208410739898681640 .12848589420318603515 .39389845132827758789 ]
[.07678815126419067382 .15658894777297973632 .36493594646453857421 .53949303627014160156 .86397289037704467773 2.31808696985244750976 ]
[.25580955743789672851 .46994252204895019531 1.16564222574234008789 2.14223457574844360351 4.09604686498641967773 8.16147121191024780273 ]
[.68681738376617431640 1.07764848470687866210 4.11528577804565429687 7.34851772785186767578 15.21266001462936401367 24.08720803260803222656 ]
];

%Extra II
te2=[[.01370612382888793945 .02746778726577758789 .05414824485778808593 .08447914123535156250 .12687658071517944336 .40240155458450317382 ]
[.07667385339736938476 .15629439353942871093 .36444514989852905273 .53672136068344116210 .93910869359970092773 2.35317236185073852539 ]
[.26982681751251220703 .47089928388595581054 1.16280287504196166992 2.16170489788055419921 4.07959140539169311523 8.18817527294158935546 ]
[.68272920846939086914 1.09384204149246215820 4.12272571325302124023 7.25282102823257446289 14.88322739601135253906 24.69930289983749389648 ]
];

%Extra I Single proc
tes=[[.00059955120086669921 ]
[.00598058700561523437 ]
[.02265372276306152343 ]
[.05673788785934448242 ]
];

%BTest I
bt1=[[.00522451400756835937 .01304113864898681640 .03627644777297973632 .05689871311187744140 .09968253374099731445 .21590954065322875976 ]
[.02819085121154785156 .06640371084213256835 .17942051887512207031 .27604438066482543945 .47895932197570800781 1.00494691133499145507 ]
[.08174333572387695312 .18604490756988525390 .48349609374999999999 .76138632297515869140 1.31784296035766601562 3.44675312042236328125 ]
[.20350611209869384765 .39311370849609374999 1.03323477506637573242 1.67046296596527099609 3.32137739658355712890 7.11904311180114746093 ]
];

%BTest II
bt2=[[.00728849172592163086 .01599593162536621093 .03498400449752807617 .05230666399002075195 .10139625072479248046 .17625886201858520507 ]
[.02783912420272827148 .06878417730331420898 .16881560087203979492 .24972356557846069335 .44997006654739379882 .84975185394287109374 ]
[.07996062040328979492 .19033033847808837890 .44405971765518188476 .69637379646301269531 1.21391240358352661132 3.01548160314559936523 ]
[.20016837120056152343 .39964325428009033203 .91943534612655639648 1.45406093597412109375 2.94423905611038208007 6.28056390285491943359 ]
];

%BTest I Single proc
bts=[[.00009968280792236328 ]
[.00116620063781738281 ]
[.00406639575958251953 ]
[.01138836145401000976 ]
];

%BTest Extra I
bte1=[[.01121661663055419921 .02176494598388671875 .06199046373367309570 .09444311857223510742 .14209892749786376953 .39084903001785278320 ]
[.07675722837448120117 .14894568920135498046 .40819231271743774414 .56963125467300415039 .89799407720565795898 2.35709710121154785156 ]
[.24667143821716308593 .46549274921417236328 1.30099245309829711914 2.19572972059249877929 3.93501967191696166992 8.49805529117584228515 ]
[.67738418579101562500 1.09630974531173706054 4.22041139602661132812 7.39239850044250488281 14.42614545822143554687 25.09631367921829223632 ]
];

%BTest Extra II
bte2=[[.01456767320632934570 .02182646989822387695 .06207364797592163085 .09493482112884521484 .14207651615142822265 .37379543781280517578 ]
[.07669757604598999023 .14904974699020385742 .40898723602294921875 .56585470438003540039 .94634948968887329101 2.50607653856277465820 ]
[.26554313898086547851 .46549807786941528320 1.30048674345016479492 2.26345275640487670898 3.95262942314147949218 8.54728059768676757812 ]
[.67309613227844238281 1.09714493751525878906 4.23164139986038208007 7.50271224975585937500 15.05546333789825439453 25.18924534320831298828 ]
];

%BTest Extra I Single proc
btes=[[.00059921741485595703 ]
[.00598824024200439453 ]
[.02279223203659057617 ]
[.05665386915206909179 ]
];

%AsBTest I
abt1=[[.01706289052963256836 .03635644912719726562 .07527847290039062500 .16377400159835815429 .26540337800979614257 1.44375061988830566406 ]
[.07849068641662597656 .16333938837051391601 .34969650506973266601 .68510806560516357421 1.13279100656509399413 4.60194492340087890625 ]
[.20500878095626831054 .41258026361465454101 .87294875383377075195 1.73825840950012207031 3.38721988201141357421 9.76503863334655761718 ]
[.43428095579147338867 .79011737108230590820 1.72422324419021606445 3.64568641185760498046 6.95307626724243164062 17.12215052843093872070 ]
];

%AsBTest II
abt2=[[.02060379981994628906 .03536200523376464843 .07697592973709106445 .16161233186721801757 .26921678781509399414 1.92864565849304199218 ]
[.07247189283370971679 .15859310626983642578 .33036814928054809570 .68597810268402099609 1.38250951766967773437 9.58234347105026245117 ]
[.19278892278671264648 .38907713890075683593 .78479520082473754882 1.69188802242279052734 3.39444540739059448242 23.00025403499603271484 ]
[.36944038867950439453 .75727988481521606445 1.54174227714538574218 3.40982302427291870117 6.48784831762313842773 42.48669494390487670898 ]
];

%AsBTest I Single proc
abts=[[.00008680820465087890 ]
[.00101104974746704101 ]
[.00406719446182250976 ]
[.01142121553421020507 ]
];

%AsBTest Extra I
abte1=[[.01569002866744995117 .04281611442565917968 .07915093898773193359 .19383996725082397460 .28259658813476562500 1.04638853073120117187 ]
[.07769989967346191406 .21709511280059814452 .38128340244293212890 .86031076908111572265 1.33760941028594970703 4.45687509775161743164 ]
[.21736612319946289062 .59779055118560791015 1.02042392492294311523 2.44676235914230346679 4.50432692766189575195 12.06810805797576904296 ]
[.46152707338333129882 1.26615064144134521484 2.34368463754653930664 7.11680928468704223632 10.11247891187667846679 26.34579023122787475586 ]
];

%AsBTest Extra II
abte2=[[.01710560321807861328 .04289771318435668945 .07840282917022705078 .17850183248519897461 .28214590549468994140 1.07464834451675415039 ]
[.07633452415466308593 .22085753679275512695 .38239723443984985351 .86725978851318359375 1.52603763341903686523 4.60109566450119018554 ]
[.22670609951019287109 .58947446346282958984 1.01255328655242919922 2.41042326688766479492 4.68654443025588989257 12.18849116563796997070 ]
[.47722535133361816406 1.26918247938156127929 2.34054871797561645507 7.23053566217422485351 10.14968438148498535156 26.78433226346969604492 ]
];

%AsBTest Extra I Single proc
abtes=[[.00052860975265502929 ]
[.00598481893539428710 ]
[.02270261049270629882 ]
[.05681957006454467773 ]
];
