procs=[2 4 6 8 10 12 14 16];
kappas=[4
16
32
64
];

%I
