procs=[2 3 4 5 6 7];
kappas=[50
100
150
200
];

%I
t1=[[.00511592626571655273 .01367528438568115234 .02875912189483642578 .04311736822128295898 .06798149347305297851 .19829021692276000976 ]
[.02751437425613403320 .07055071592330932617 .15301419496536254882 .23123514652252197265 .37084339857101440429 .90651370286941528320 ]
[.07916846275329589843 .19457327127456665039 .43426002264022827148 .68005198240280151367 1.04897379875183105468 2.98923519849777221679 ]
[.19643578529357910156 .40636776685714721679 .94725751876831054687 1.61120610237121582031 2.97036968469619750976 6.41645604372024536132 ]
];

%II
t2=[[.00622186660766601562 .01854418516159057617 .03960930109024047851 .04943636655807495117 .42594659328460693359 .30274639129638671875 ]
[.02560136318206787109 .06950291395187377929 .14480795860290527343 .22199516296386718750 .64738550186157226562 1.36044712066650390625 ]
[.08263642787933349609 .19091330766677856445 .38893674612045288086 .61637681722640991210 1.01873295307159423828 2.75014178752899169921 ]
[.20218032598495483398 .40137025117874145507 .82469273805618286132 1.39595056772232055664 2.38987119197845458984 5.84000408649444580078 ]
];

%I Single proc
ts=[[.00010051727294921875 ]
[.00122579336166381835 ]
[.00409972667694091796 ]
[.01137324571609497070 ]
];

%Extra I
te1=[[.01096038818359375000 .02422664165496826171 .05365291833877563476 .08104280233383178710 .12664701938629150390 .40500900745391845703 ]
[.07667331695556640624 .15424795150756835937 .36170005798339843750 