procs=[2 4 6 8 10 12 14 16];
kappas=[4
16
32
64
];

%I
t1=[[.00008985996246337890 .00028364658355712890 .00049079656600952148 .00177752971649169921 .00302041769027709960 .00595527887344360351 .00887337923049926757 .01351621150970458984 ]
[.00043495893478393554 .00242799520492553710 .00557150840759277343 .02230088710784912109 .04529819488525390625 .08131340742111206054 .14695948362350463867 .18346846103668212890 ]
[.00175653696060180664 .01092989444732666015 .02468247413635253906 .10025846958160400390 .17237538099288940429 .32209899425506591796 .49880785942077636718 .74152216911315917968 ]
[.00958036184310913086 .05489964485168457031 .12500432729721069335 .49743765592575073242 .84436171054840087890 1.30145370960235595703 2.58704085350036621093 4.25934039354324340820 ]
];

%II
t2=[[.00010780096054077148 .00036824941635131835 .00061260461807250976 .00211791992187499999 .00420699119567871093 .00752493143081665039 .01244311332702636718 .01833484172821044921 ]
[.00048629045486450195 .00291900634765625000 .00669937133789062500 .02397153377532958984 .04669450521469116210 .08633517026901245117 .13504287004470825195 .21157940626144409179 ]
[.00185469388961791992 .01178475618362426757 .03640497922897338867 .11501603126525878906 .18855092525482177734 .35916494131088256836 .54727609157562255859 .84112648963928222656 ]
[.00956985950469970703 .05436289310455322265 .12032740116119384765 .46591885089874267578 .86037247180938720703 1.49927405118942260742 3.16834855079650878906 4.53603323698043823242 ]
];

%I Single proc
ts=[[.00000083446502685546 ]
[.00000476837158203124 ]
[.00002348423004150390 ]
[.00016536712646484374 ]
];

%Extra I
te1=[[.00001034736633300781 .00018857717514038086 .00039573907852172851 .00139986276626586913 .00319174528121948242 .00580370426177978515 .00949565172195434570 .01315103769302368164 ]
[.00050858259201049804 .00311762094497680664 .00724948644638061523 .03260477781295776367 .05509114265441894531 .09464963674545288086 .14782946109771728515 .22120294570922851562 ]
[.00311433076858520507 .01753443479537963867 .06753401756286621093 .16921541690826416015 .28037559986114501953 .45092452764511108398 .75290293693542480468 1.18768522739410400390 ]
[.02447407245635986328 .11413631439208984375 .27243839502334594726 1.02066946029663085937 1.97538043260574340820 3.60951780080795288086 6.20067765712738037109 9.35231072902679443359 ]
];

%Extra II
te2=[[.00001139640808105468 .00018666982650756836 .00039837360382080078 .00149556398391723632 .00342282056808471679 .00612307786941528320 .00936340093612670898 .01353918313980102539 ]
[.00050498247146606445 .00314936637878417968 .00731438398361206054 .02978925704956054687 .05178478956222534179 .10024284124374389648 .14706282615661621093 .22757409811019897461 ]
[.00311862230300903320 .01773996353149414062 .03937125205993652343 .15949616432189941406 .28045492172241210937 .48875741958618164062 .78823477029800415039 1.18282983303070068359 ]
[.02448265552520751953 .11375069618225097656 .27226194143295288085 1.02340737581253051757 2.01242340803146362304 3.32888498306274414062 6.30082107782363891601 9.25350774526596069335 ]
];

%Extra I Single proc
tes=[[.00000160932540893554 ]
[.00001305341720581055 ]
[.00009449720382690429 ]
[.00126558542251586914 ]
];

%BTest I
