procs=[2 3 4 5 6 7];
kappas=[50
100
150
200
];

%I
t1=[[.00511592626571655273 .01367528438568115234 .02875912189483642578 .04311736822128295898 .06798149347305297851 .19829021692276000976 ]
[.02751437425613403320 .07055071592330932617 .15301419496536254882 .23123514652252197265 .37084339857101440429 .90651370286941528320 ]
[.07916846275329589843 .19457327127456665039 .43426002264022827148 .68005198240280151367 1.04897379875183105468 2.98923519849777221679 ]
[.19643578529357910156 .40636776685714721679 .94725751876831054687 1.61120610237121582031 2.97036968469619750976 6.41645604372024536132 ]
];

%II
t2=[[.00622186660766601562 .01854418516159057617 .03960930109024047851 .04943636655807495117 .42594659328460693359 .30274639129638671875 ]
[.02560136318206787109 .06950291395187377929 .14480795860290527343 .22199516296386718750 .64738550186157226562 1.36044712066650390625 ]
[.08263642787933349609 .19091330766677856445 .38893674612045288086 .61637681722640991210 1.01873295307159423828 2.75014178752899169921 ]
[.20218032598495483398 .40137025117874145507 .82469273805618286132 1.39595056772232055664 2.38987119197845458984 5.84000408649444580078 ]
];

%I Single proc
ts=[[.00010051727294921875 ]
[.00122579336166381835 ]
[.00409972667694091796 ]
[.01137324571609497070 ]
];

%Extra I
te1=[[.01096038818359375000 .02422664165496826171 .05365291833877563476 .08104280233383178710 .12664701938629150390 .40500900745391845703 ]
[.07667331695556640624 .15424795150756835937 .36170005798339843750 .53451595306396484375 .88197026252746582031 2.29046367406845092773 ]
[.25933406352996826171 .46757507324218750000 1.16166551113128662109 2.10162379741668701171 4.08556317090988159179 8.19320763349533081054 ]
[.68558896780014038085 1.06707146167755126953 4.09128708839416503906 7.32693188190460205078 15.35049448013305664062 23.57044397592544555664 ]
];

%Extra II
te2=[[.01371060609817504882 .02634356021881103515 .05362061262130737304 .08124692440032958984 .12747124433517456054 .39226627349853515624 ]
[.07678785324096679687 .15470861196517944336 .36258447170257568359 .53304302692413330078 .93489385843276977539 2.37756606340408325195 ]
[.26839114427566528320 .46637555360794067382 1.16056536436080932617 2.10964765548706054687 4.07884653806686401367 8.05109422206878662109 ]
[.67979898452758789062 1.06829881668090820312 4.10449807643890380859 7.33182100057601928711 15.50725600719451904296 24.32585982084274291992 ]
];

%Extra I Single proc
tes=[[.00061486959457397461 ]
[.00602623224258422851 ]
[.02297977209091186523 ]
[.05720368623733520507 ]
];

%BTest I
bt1=[[.00528088808059692382 .01319999694824218750 .03584758043289184570 .05701313018798828125 .10564681291580200195 .22343404293060302734 ]
[.02806518077850341797 .06656404733657836914 .17897346019744873046 .27658675909042358398 .48736540079116821288 1.02007745504379272460 ]
[.08237015008926391601 .18623578548431396484 .48526011705398559570 .76685115098953247070 1.34697080850601196289 2.78245590925216674804 ]
[.18058929443359374999 .38991682529449462890 1.03238043785095214843 1.59205536842346191406 3.27485582828521728515 7.10653259754180908203 ]
];

%BTest II
bt2=[[.00720434188842773437 .01678886413574218750 .03490300178527832031 .05348829030990600585 .10263324975967407226 .18127105236053466796 ]
[.02758657932281494140 .06773164272308349609 .16775274276733398437 .25091507434844970703 .46049897670745849609 .86030343770980834960 ]
[.07949392795562744140 .18700246810913085937 .44332424402236938476 .69209901094436645507 1.34590229988098144531 2.97744042873382568359 ]
[.22441201210021972656 .39748146533966064453 .91685109138488769531 1.62439296245574951171 3.02863589525222778320 6.30848659276962280273 ]
];

%BTest I Single proc
bts=[[.00009958744049072265 ]
[.00129697322845458984 ]
[.00476992130279541015 ]
[.01149016618728637695 ]
];

%BTest Extra I
bte1=[[.01122301816940307617 .02184950113296508789 .06213203668594360351 .09192156791687011718 .19962332248687744140 .40053473711013793945 ]
[.07683014869689941406 .14917478561401367187 .40768454074859619140 .56452914476394653320 .96501818895339965820 2.50316753387451171875 ]
[.29491347074508666992 .46562730073928833007 1.29792375564575195312 2.30903109312057495117 4.14729572534561157226 8.40067226886749267578 ]
[.69530050754547119140 1.40535444021224975586 4.65930168628692626953 7.58637245893478393554 15.49642565250396728515 24.73922548294067382812 ]
];

%BTest Extra II
bte2=[[.01452339887619018554 .02840223312377929687 .06977880001068115234 .09128613471984863281 .14607363939285278320 .43651152849197387695 ]
[.08367182016372680664 .15004932880401611328 .40800269842147827148 .56582862138748168945 1.07424353361129760742 2.50601559877395629882 ]
[.30005973577499389648 .49461878538131713867 1.29615572690963745117 2.36194517612457275390 4.17372989654541015625 8.41135040521621704101 ]
[.69548088312149047851 1.40565668344497680664 4.78461098670959472656 7.59068419933319091797 15.41488813161849975585 25.23834563493728637695 ]
];

%BTest Extra I Single proc
btes=[[.00060160160064697265 ]
[.00763334035873413086 ]
[.02275488376617431640 ]
[.05677255392074584960 ]
];

%AsBTest I
abt1=[[.01768212318420410156 .03732517957687377929 .07852442264556884765 .16588263511657714843 .27696249485015869140 1.42948303222656250000 ]
[.07727029323577880859 .16830505132675170898 .34916927814483642578 .69462125301361083984 1.24166907072067260742 4.86362550258636474609 ]
[.23108876943588256836 .41651272773742675781 .88448910713195800781 1.93316336870193481445 3.57388248443603515624 10.37386094331741333007 ]
[.49345120191574096679 .81988067626953124999 1.77098773717880249023 4.06075997352600097656 7.11103157997131347656 17.92563990354537963867 ]
];

%AsBTest II
abt2=[[.02116011381149291992 .04674184322357177734 .08607594966888427734 .16677069664001464843 .28015420436859130859 2.27628210783004760742 ]
[.08167786598205566406 .15798496007919311523 .33273075819015502929 .69148201942443847656 1.49666476249694824218 9.84000054597854614257 ]
[.22317880392074584961 .39606812000274658203 .78984283208847045898 1.93609979152679443359 3.52877649068832397460 23.33153854608535766601 ]
[.43798544406890869140 .76513073444366455078 1.57071934938430786132 3.79071810245513916015 6.90916485786437988281 42.50913817882537841796 ]
];

%AsBTest I Single proc
abts=[[.00010037422180175781 ]
[.00111575126647949218 ]
[.00408746004104614257 ]
[.01144902706146240234 ]
];

%AsBTest Extra I
abte1=[[.01588146686553955078 .04335494041442871093 .07985686063766479492 .18201961517333984375 .28673943281173706054 1.08799872398376464843 ]
[.07840993404388427734 .21964895725250244140 .38485522270202636718 .87283079624176025390 1.49383575916290283203 4.90036438703536987304 ]
[.25609874725341796874 .59674954414367675781 1.02070987224578857421 2.72249170541763305664 4.77946842908859252929 12.45297266244888305664 ]
[.51963615417480468750 1.27684940099716186523 2.33608672618865966796 7.24511096477508544921 10.08154636621475219726 26.23409805297851562500 ]
];

%AsBTest Extra II
abte2=[[.01707475185394287109 .04311753511428833007 .07986638545989990234 .18066211938858032226 .28817861080169677734 1.10572950839996337890 ]
[.07871638536453247070 .21905716657638549804 .38620649576187133789 .87448760271072387695 1.41031215190887451171 4.82726538181304931640 ]
[.22799220085144042968 .59775897264480590820 1.02262116670608520507 2.45657234191894531250 4.55842713117599487304 124.30812834501266479492 ]
[.43764177560806274414 1.27540675401687622070 2.35565475225448608398 6.91989876031875610351 10.23745937347412109375 26.52784953117370605468 ]
];

%AsBTest Extra I Single proc
abtes=[[.00047127008438110351 ]
[.00597587823867797851 ]
[.02283616065979003906 ]
[.05648040771484375000 ]
];
