procs=[2 4 6 8 10 12 14 16];
kappas=[4
16
32
64
];

%I
t1=[[.00009025335311889648 .00027884244918823242 .00048687458038330078 .00150306224822998046 .00315626859664916992 .00547497272491455078 .00863434076309204101 .01375693082809448242 ]
[.00043618679046630859 .00236390829086303710 .00551310777664184570 .02467511892318725585 .04750095605850219726 .07767162322998046874 .12858679294586181640 .18308238983154296875 ]
[.00176113843917846679 .01097731590270996093 .02473733425140380859 .11487925052642822265 .19381669759750366210 .30629551410675048828 .50884046554565429687 .73432333469390869140 ]
[.00958809852600097656 .05505762100219726562 .12517164945602416992 .50850183963775634765 .83124872446060180664 1.27520889043807983398 2.34472607374191284179 4.04088950157165527343 ]
];

%II
t2=[[.00010249614715576172 .00035542249679565429 .00060337781906127929 .00208721160888671874 .00434598922729492187 .00738085508346557617 .01209504604339599609 .01872574090957641601 ]
[.00048506259918212890 .00290451049804687500 .00670040845870971679 .02428584098815917968 .04628490209579467773 .09181528091430664062 .15061988830566406249 .20361965894699096679 ]
[.00185568332672119140 .01173900365829467773 .02709082365036010742 .10156941413879394531 .20120412111282348632 .34803757667541503906 .54552963972091674804 .87952544689178466796 ]
[.00955872535705566406 .05472710132598876953 .12074638605117797851 .45977674722671508789 .84097206592559814453 1.40519964694976806640 2.39488477706909179687 4.16125587224960327148 ]
];

%I Single proc
ts=[[.00000127553939819335 ]
[.00000475645065307616 ]
[.00002354383468627929 ]
[.00016541481018066406 ]
];

%Extra I
te1=[[.00001003742218017577 .00018622875213623046 .00039426088333129882 .00150614976882934570 .00336927175521850585 .00529458522796630859 .00923647880554199218 .01251338720321655273 ]
[.00050685405731201171 .00310850143432617187 .00723143815994262695 .02858636379241943359 .06005951166152954101 .09697786569595336914 .14435166120529174804 .23100537061691284179 ]
[.00312374830245971679 .01788214445114135742 .03941782712936401367 .16308450698852539062 .26357507705688476562 .49868175983428955078 .75124076604843139648 1.26471538543701171875 ]
[.02447912693023681640 .11426844596862792968 .27314764261245727539 1.01804409027099609374 1.76718822717666625976 3.21519589424133300781 6.07674731016159057617 9.19526524543762207031 ]
];

%Extra II
te2=[[.00001101493835449218 .00018914937973022460 .00039447546005249023 .00158766508102416991 .00334860086441040039 .00561476945877075195 .00848749876022338867 .01347445249557495117 ]
[.00050325393676757812 .00313403606414794921 .00731890201568603515 .03074682950973510742 .05960263013839721679 .09842576980590820312 .15240030288696289062 .22844535112380981445 ]
[.00308197736740112304 .01773495674133300781 .04050397872924804687 .16453126668930053710 .25702878236770629882 .49635646343231201171 .75749800205230712890 1.19177173376083374023 ]
[.02446101903915405273 .11395802497863769531 .27426856756210327148 1.07556322813034057617 1.85370991230010986328 3.24033889770507812500 6.15089284181594848632 9.27452208995819091797 ]
];

%Extra I Single proc
tes=[[.00000097751617431640 ]
[.00001301765441894531 ]
[.00009448528289794922 ]
[.00126610994338989257 ]
];

%BTest I
bt1=[[.00013141632080078124 .00033385753631591796 .00080087184906005859 .00181236267089843750 .00337321758270263671 .00689394474029541015 .01281628608703613281 .01409147977828979492 ]
[.00047324895858764648 .00313968658447265625 .00963686704635620117 .02613936662673950195 .05743103027343750000 .10752450227737426757 .15876706838607788086 .24465304613113403320 ]
[.00183705091476440429 .01367160081863403320 .03923475742340087890 .11970714330673217773 .24384105205535888671 .45026774406433105468 .68519310951232910156 1.02517887353897094726 ]
[.01000829935073852539 .06655397415161132812 .18187220096588134765 .59926413297653198242 1.14240323305130004882 1.89340571165084838867 3.21399488449096679687 5.29867414236068725585 ]
];

%BTest II
bt2=[[.00007783174514770507 .00043410062789916992 .00092378854751586914 .00193575620651245117 .00337989330291748046 .00658901929855346679 .01004030704498291015 .02054461240768432617 ]
[.00056501626968383789 .00343686342239379882 .00975204706192016601 .02480090856552124023 .04341094493865966796 .08813642263412475585 .14621188640594482421 .22183103561401367187 ]
[.00203586816787719726 .01385072469711303710 .03921488523483276367 .10166029930114746093 .21193153858184814453 .37246557474136352539 .60633000135421752929 .95167843103408813476 ]
[.01011822223663330078 .06321538686752319335 .17647404670715332031 .47791109085083007812 .85351767539978027343 1.59212890863418579101 2.81324187517166137695 4.73868758678436279296 ]
];

%BTest I Single proc
bts=[[.00000087022781372070 ]
[.00000470876693725585 ]
[.00002334117889404296 ]
[.00016528367996215820 ]
];

%BTest Extra I
bte1=[[.00002863407135009765 .00020745992660522460 .00063980817794799804 .00168319940567016601 .00451195240020751953 .00662823915481567382 .01225820779800415039 .01726731061935424804 ]
[.00052090883255004882 .00368939638137817382 .01045083999633789062 .03344008922576904296 .06647734642028808593 .12479976415634155273 .19004369974136352539 .29176728725433349609 ]
[.00318312644958496093 .02077023983001708984 .04966520071029663086 .18278331756591796875 .32810704708099365234 .60394152402877807617 .90800634622573852538 1.40597274303436279296 ]
[.02467595338821411132 .12959532737731933593 .29941262006759643554 1.13790283203125000000 1.90068376064300537109 3.42587648630142211914 6.51383230686187744140 9.80908163785934448242 ]
];

%BTest Extra II
bte2=[[.00002872943878173828 .00020889043807983398 .00064172744750976562 .00170518159866333007 .00349782705307006836 .00670146942138671874 .01148406267166137695 .01689701080322265625 ]
[.00052367448806762695 .00373744964599609374 .02983734607696533203 .03230563402175903320 .06495720148086547851 .11256631612777709961 .19068832397460937500 .29800978899002075195 ]
[.00318459272384643554 .02086491584777832031 .05126091241836547851 .17803854942321777343 .31560378074645996093 .57065439224243164062 .91116595268249511718 1.43932458162307739257 ]
[.02468409538269042968 .13003309965133666992 .29420188665390014648 1.07259799242019653320 2.00379453897476196288 3.45135107040405273437 6.60408326387405395507 9.98717964887619018554 ]
];

%BTest Extra I Single proc
btes=[[.00000113248825073242 ]
[.00001256465911865234 ]
[.00008856058120727538 ]
[.00122861862182617187 ]
];

%AsBTest I
abt1=[[.00017488002777099609 .00059475898742675781 .00175521373748779296 .01443035602569580078 .03004065752029418945 .05529392957687377929 .09156676530838012695 .12025814056396484375 ]
[.00166288614273071289 .00770035982131958007 .02803206443786621093 .23213806152343750000 .41848902702331542968 .77194279432296752929 1.24796260595321655273 1.77151107788085937500 ]
[.00700215101242065429 .03088234663009643554 .11087874174118041992 .96600247621536254882 1.71559928655624389648 2.62051554918289184570 4.77905409336090087890 6.79470330476760864257 ]
[.03070142269134521484 .13637855052947998046 .56580320596694946289 3.17614521980285644531 6.63190319538116455078 10.15525289773941040039 18.29643001556396484375 26.58239575624465942382 ]
];

%AsBTest II
abt2=[[.00014333724975585937 .00064777135848999023 .00185279846191406250 .01484711170196533203 .03008006811141967773 .05428773164749145507 .09005265235900878906 .13454629182815551757 ]
[.00158848762512207031 .00785266160964965820 .02688103914260864257 .23956047296524047851 .45699024200439453125 .79111990928649902343 1.37318785190582275390 1.88480037450790405273 ]
[.00636043548583984374 .03135169744491577148 .11215649843215942382 .98474054336547851562 1.67413883209228515624 2.57619084119796752929 5.51176072359085083007 7.48786674737930297851 ]
[.02839128971099853515 .13376947641372680664 .47261155843734741211 4.20379619598388671875 7.31176936626434326171 10.51800459623336791992 22.05023365020751953124 30.35429903268814086914 ]
];
